b = zeros(41,41);
 
%1
b(10:13,40:41)=47;
b(14:17,40:41)=32;
b(18:21,40:41)=17;
b(22:25,40:41)=2;
b(26:29,40:41)=46;
b(30:33,40:41)=31;
b(34:37,40:41)=16;
b(38:41,40:41)=1;
 
%2
b(10:13,38:39)=3;
b(14:17,38:39)=18;
b(18:21,38:39)=33;
b(22:25,38:39)=48;
b(26:29,38:39)=4;
b(30:33,38:39)=19;
b(34:37,38:39)=34;
b(38:41,38:39)=49;
 
%3
b(10:12,36:37)=36; b(10,34:35)=36; 
b(13:16,36:37)=21;
b(17:20,36:37)=6;
b(21:24,36:37)=50;
b(25:28,36:37)=35;
b(29:32,36:37)=20;
b(38:41,36:37)=5;
 
%4
b(11:14,34:35)=51;
b(15:18,34:35)=7;
b(19:22,34:35)=22;
b(23:26,34:35)=37;
b(27:30,34:35)=52;
b(31:32,34:35)=8; b(38:39,34:35)=8;
b(40:41,32:35)=23;
 
%5
b(1:3,33)=40;b(1:4,32)=40;b(1,31)=40;
b(4:6,33)=25;b(5:6,32)=25;b(8,33)=25;b(8:9,32)=25;
b(9:12,33)=10;b(10:13,32)=10;
b(13:16,33)=54;b(14:17,32)=54;
b(17:20,33)=39;b(18:21,32)=39;
b(21:24,33)=24;b(22:25,32)=24;
b(25:28,33)=9;b(26:29,32)=9;
b(29:32,33)=53;b(30:33,32)=53;
b(38:39,33)=38;b(34:39,32)=38;
 
%6
b(2:5,31)=55;b(1:4,30)=55;
b(6,31)=11;b(5:6,30)=11;b(8:10,31)=11;b(8:9,30)=11;
b(11:14,31)=26;b(10:13,30)=26;
b(15:18,31)=41;b(14:17,30)=41;
b(19:22,31)=56;b(18:21,30)=56;
b(23:26,31)=12;b(22:25,30)=12;
b(27:30,31)=27;b(26:29,30)=27;
b(31:34,31)=42;b(30:33,30)=42;
b(35:38,31)=57;b(34:37,30)=57;
b(39:41,31)=13;b(38:41,30)=13;b(41,29)=13;
 
%7
b(1:3,29)=45;b(1:4,28)=45;b(1,27)=45;
b(4:6,29)=30;b(5:6,28)=30;b(8,29)=30;b(8:9,28)=30;
b(9:12,29)=15;b(10:13,28)=15;
b(13:16,29)=59;b(14:17,28)=59;
b(17:20,29)=44;b(18:21,28)=44;
b(21:24,29)=29;b(22:25,28)=29;
b(25:28,29)=14;b(26:29,28)=14;
b(29:32,29)=58;b(30:33,28)=58;
b(33:36,29)=43;b(34:37,28)=43;
b(37:40,29)=28;b(38:41,28)=28;
 
%8
b(2:5,27)=60;b(1:4,26)=60;
b(6,27)=101;b(5:6,26)=101;b(8:10,27)=101;b(8:9,26)=101;
b(11:14,27)=129;b(10:13,26)=129;
b(15:18,27)=157;b(14:17,26)=157;
b(19:22,27)=185;b(18:21,26)=185;
b(23:26,27)=102;b(22:25,26)=102;
b(27:30,27)=130;b(26:29,26)=130;
b(31:34,27)=158;b(30:33,26)=158;
b(35:38,27)=186;b(34:37,26)=186;
b(39:41,27)=103;b(38:41,26)=103;b(41,25)=103;
 
%9
b(1:3,25)=161;b(1:4,24)=161;b(1,23)=161;
b(4:6,25)=133;b(5:6,24)=133;b(8,25)=133;b(8:9,24)=133;
b(9:12,25)=105;b(10:13,24)=105;
b(13:16,25)=188;b(14:17,24)=188;
b(17:20,25)=160;b(18:21,24)=160;
b(21:24,25)=132;b(22:25,24)=132;
b(25:28,25)=104;b(26:29,24)=104;
b(29:32,25)=187;b(30:33,24)=187;
b(33:36,25)=159;b(34:37,24)=159;
b(37:40,25)=131;b(38:41,24)=131;
 
%10
b(2:5,23)=189;b(1:4,22)=189;
b(6,23)=106;b(5:6,22)=106;b(8:10,23)=106;b(8:9,22)=106;
b(11:14,23)=134;b(10:13,22)=134;
b(15:18,23)=162;b(14:17,22)=162;
b(19:22,23)=190;b(18:21,22)=190;
b(23:26,23)=107;b(22:25,22)=107;
b(27:30,23)=135;b(26:29,22)=135;
b(31:34,23)=163;b(30:33,22)=163;
b(35:38,23)=191;b(34:37,22)=191;
b(39:41,23)=108;b(38:41,22)=108;b(41,21)=108;
 
%11
b(1:3,21)=166;b(1:4,20)=166;b(1,19)=166;
b(4:6,21)=138;b(5:6,20)=138;b(8,21)=138;b(8:9,20)=138;
b(9:12,21)=110;b(10:13,20)=110;
b(13:16,21)=193;b(14:17,20)=193;
b(17:20,21)=165;b(18:21,20)=165;
b(21:24,21)=137;b(22:25,20)=137;
b(25:28,21)=109;b(26:29,20)=109;
b(29:32,21)=192;b(30:33,20)=192;
b(33:36,21)=164;b(34:37,20)=164;
b(37:40,21)=136;b(38:41,20)=136;
 
%12
b(2:5,19)=194;b(1:4,18)=194;
b(6,19)=111;b(5:6,18)=111;b(8:10,19)=111;b(8:9,18)=111;
b(11:14,19)=139;b(10:13,18)=139;
b(15:18,19)=167;b(14:17,18)=167;
b(19:22,19)=195;b(18:21,18)=195;
b(23:26,19)=112;b(22:25,18)=112;
b(27:30,19)=140;b(26:29,18)=140;
b(31:34,19)=168;b(30:33,18)=168;
b(35:38,19)=196;b(34:37,18)=196;
b(39:41,19)=113;b(38:41,18)=113;b(41,17)=113;
 
%13
b(1:3,17)=171;b(1:4,16)=171;b(1,15)=171;
b(4:6,17)=143;b(5:6,16)=143;b(8,17)=143;b(8:9,16)=143;
b(9:12,17)=115;b(10:13,16)=115;
b(13:16,17)=198;b(14:17,16)=198;
b(17:20,17)=170;b(18:21,16)=170;
b(21:24,17)=142;b(22:25,16)=142;
b(25:28,17)=114;b(26:29,16)=114;
b(29:32,17)=197;b(30:33,16)=197;
b(33:36,17)=169;b(34:37,16)=169;
b(37:40,17)=141;b(38:41,16)=141;
 
%14
b(2:5,15)=199;b(1:4,14)=199;
b(6,15)=116;b(5:6,14)=116;b(8:10,15)=116;b(8:9,14)=116;
b(11:14,15)=144;b(10:13,14)=144;
b(15:18,15)=172;b(14:17,14)=172;
b(19:22,15)=200;b(18:21,14)=200;
b(23:26,15)=117;b(22:25,14)=117;
b(27:30,15)=145;b(26:29,14)=145;
b(31:34,15)=173;b(30:33,14)=173;
b(35:38,15)=201;b(34:37,14)=201;
b(39:41,15)=118;b(38:41,14)=118;b(41,13)=118;
 
%15
b(1:3,13)=176;b(1:4,12)=176;b(1,11)=176;
b(4:6,13)=148;b(5:6,12)=148;b(8,13)=148;b(8:9,12)=148;
b(9:12,13)=120;b(10:13,12)=120;
b(13:16,13)=203;b(14:17,12)=203;
b(17:20,13)=175;b(18:21,12)=175;
b(21:24,13)=147;b(22:25,12)=147;
b(25:28,13)=119;b(26:29,12)=119;
b(29:32,13)=202;b(30:33,12)=202;
b(33:36,13)=174;b(34:37,12)=174;
b(37:40,13)=146;b(38:41,12)=146;
 
%16
b(2:5,11)=204;b(1:4,10)=204;
b(6,11)=121;b(5:6,10)=121;b(8:10,11)=121;b(8:9,10)=121;
b(11:14,11)=149;b(10:13,10)=149;
b(15:18,11)=177;b(14:17,10)=177;
b(19:22,11)=205;b(18:21,10)=205;
b(23:26,11)=122;b(22:25,10)=122;
b(27:30,11)=150;b(26:29,10)=150;
b(31:34,11)=178;b(30:33,10)=178;
b(35:38,11)=206;b(34:37,10)=206;
b(39:41,11)=123;b(38:41,10)=123;b(33,9)=123;
 
%17
b(10:12,9)=180;b(10:13,8)=180;b(10,6)=180;
 
b(13:16,9)=152;b(14:17,8)=152;
b(17:20,9)=124;b(18:21,8)=124;
b(21:24,9)=207;b(22:25,8)=207;
b(25:28,9)=179;b(26:29,8)=179;
b(29:32,9)=151;b(30:33,8)=151;
 
%18
b(11:14,6)=208;b(10:13,5)=208;
b(15:18,6)=125;b(14:17,5)=125;
b(19:22,6)=153;b(18:21,5)=153;
b(23:26,6)=181;b(22:25,5)=181;
b(27:30,6)=209;b(26:29,5)=209;
 
b(31:33,6)=126;b(29:33,5)=126;b(33,4)=126;
 
%19
b(10:12,4)=183;b(10:13,3)=183;b(10,2)=183;
 
b(13:16,4)=155;b(14:17,3)=155;
b(17:20,4)=127;b(18:21,3)=127;
b(21:24,4)=210;b(22:25,3)=210;
% b(25:28,4)=152;b(26:29,3)=152;
b(25:28,4)=182;b(26:29,3)=182;

b(29:32,4)=154;b(30:33,3)=154;
 
%20
b(11:14,2)=211;b(10:13,1)=211;
b(15:18,2)=128;b(14:17,1)=128;
b(19:22,2)=156;b(18:21,1)=156;
b(23:26,2)=184;b(22:25,1)=184;
b(27:30,2)=212;b(26:29,1)=212;