c = ones(49, 49);

c(1:9,1:9) =0;
c(24:28,5:9)=0;
c(39:41,1:7)=0;
c(42:49,1:7)=0;
c(42:49,8:9)=0;
c(10:23,7)=0;
c(29:38,7)=0;
c(5:9,22:26)=0;
c(7,10:21)=0;
c(7,27:38)=0;
c(24:28,22:26)=0;
c(41:45,22:26)=0;
c(1:7,39:41)=0;
c(1:9,42:49)=0;
c(24:28,41:45)=0;
c(41:45,41:45)=0;

