a = zeros(41,41);
 
%1
a(10:13,40:41)=47;
a(14:17,40:41)=32;
a(18:21,40:41)=17;
a(22:25,40:41)=2;
a(26:29,40:41)=46;
a(30:33,40:41)=31;
a(34:37,40:41)=16;
a(38:41,40:41)=1;
 
%2
a(10:13,38:39)=3;
a(14:17,38:39)=18;
a(18:21,38:39)=33;
a(22:25,38:39)=48;
a(26:29,38:39)=4;
a(30:33,38:39)=19;
a(34:37,38:39)=34;
a(38:41,38:39)=49;
 
%3
a(10:12,36:37)=36; a(10,34:35)=36; 
a(13:16,36:37)=21;
a(17:20,36:37)=6;
a(21:24,36:37)=50;
a(25:28,36:37)=35;
a(29:32,36:37)=20;
a(38:41,36:37)=5;
 
%4
a(11:14,34:35)=51;
a(15:18,34:35)=7;
a(19:22,34:35)=22;
a(23:26,34:35)=37;
a(27:30,34:35)=52;
a(31:32,34:35)=8; a(38:39,34:35)=8;
a(40:41,32:35)=23;
 
%5
a(1:3,33)=40;a(1:4,32)=40;a(1,31)=40;
a(4:6,33)=25;a(5:6,32)=25;a(8,33)=25;a(8:9,32)=25;
a(9:12,33)=10;a(10:13,32)=10;
a(13:16,33)=54;a(14:17,32)=54;
a(17:20,33)=39;a(18:21,32)=39;
a(21:24,33)=24;a(22:25,32)=24;
a(25:28,33)=9;a(26:29,32)=9;
a(29:32,33)=53;a(30:33,32)=53;
a(38:39,33)=38;a(34:39,32)=38;
 
%6
a(2:5,31)=55;a(1:4,30)=55;
a(6,31)=11;a(5:6,30)=11;a(8:10,31)=11;a(8:9,30)=11;
a(11:14,31)=26;a(10:13,30)=26;
a(15:18,31)=41;a(14:17,30)=41;
a(19:22,31)=56;a(18:21,30)=56;
a(23:26,31)=12;a(22:25,30)=12;
a(27:30,31)=27;a(26:29,30)=27;
a(31:34,31)=42;a(30:33,30)=42;
a(35:38,31)=57;a(34:37,30)=57;
a(39:41,31)=13;a(38:41,30)=13;a(41,29)=13;
 
%7
a(1:3,29)=45;a(1:4,28)=45;a(1,27)=45;
a(4:6,29)=30;a(5:6,28)=30;a(8,29)=30;a(8:9,28)=30;
a(9:12,29)=15;a(10:13,28)=15;
a(13:16,29)=59;a(14:17,28)=59;
a(17:20,29)=44;a(18:21,28)=44;
a(21:24,29)=29;a(22:25,28)=29;
a(25:28,29)=14;a(26:29,28)=14;
a(29:32,29)=58;a(30:33,28)=58;
a(33:36,29)=43;a(34:37,28)=43;
a(37:40,29)=28;a(38:41,28)=28;
 
%8
a(2:5,27)=60;a(1:4,26)=60;
a(6,27)=101;a(5:6,26)=101;a(8:10,27)=101;a(8:9,26)=101;
a(11:14,27)=129;a(10:13,26)=129;
a(15:18,27)=157;a(14:17,26)=157;
a(19:22,27)=185;a(18:21,26)=185;
a(23:26,27)=102;a(22:25,26)=102;
a(27:30,27)=130;a(26:29,26)=130;
a(31:34,27)=158;a(30:33,26)=158;
a(35:38,27)=186;a(34:37,26)=186;
a(39:41,27)=103;a(38:41,26)=103;a(41,25)=103;
 
%9
a(1:3,25)=161;a(1:4,24)=161;a(1,23)=161;
a(4:6,25)=133;a(5:6,24)=133;a(8,25)=133;a(8:9,24)=133;
a(9:12,25)=105;a(10:13,24)=105;
a(13:16,25)=188;a(14:17,24)=188;
a(17:20,25)=160;a(18:21,24)=160;
a(21:24,25)=132;a(22:25,24)=132;
a(25:28,25)=104;a(26:29,24)=104;
a(29:32,25)=187;a(30:33,24)=187;
a(33:36,25)=159;a(34:37,24)=159;
a(37:40,25)=131;a(38:41,24)=131;
 
%10
a(2:5,23)=189;a(1:4,22)=189;
a(6,23)=106;a(5:6,22)=106;a(8:10,23)=106;a(8:9,22)=106;
a(11:14,23)=134;a(10:13,22)=134;
a(15:18,23)=162;a(14:17,22)=162;
a(19:22,23)=190;a(18:21,22)=190;
a(23:26,23)=107;a(22:25,22)=107;
a(27:30,23)=135;a(26:29,22)=135;
a(31:34,23)=163;a(30:33,22)=163;
a(35:38,23)=191;a(34:37,22)=191;
a(39:41,23)=108;a(38:41,22)=108;a(41,21)=108;
 
%11
a(1:3,21)=166;a(1:4,20)=166;a(1,19)=166;
a(4:6,21)=138;a(5:6,20)=138;a(8,21)=138;a(8:9,20)=138;
a(9:12,21)=110;a(10:13,20)=110;
a(13:16,21)=193;a(14:17,20)=193;
a(17:20,21)=165;a(18:21,20)=165;
a(21:24,21)=137;a(22:25,20)=137;
a(25:28,21)=109;a(26:29,20)=109;
a(29:32,21)=192;a(30:33,20)=192;
a(33:36,21)=164;a(34:37,20)=164;
a(37:40,21)=136;a(38:41,20)=136;
 
%12
a(2:5,19)=194;a(1:4,18)=194;
a(6,19)=111;a(5:6,18)=111;a(8:10,19)=111;a(8:9,18)=111;
a(11:14,19)=139;a(10:13,18)=139;
a(15:18,19)=167;a(14:17,18)=167;
a(19:22,19)=195;a(18:21,18)=195;
a(23:26,19)=112;a(22:25,18)=112;
a(27:30,19)=140;a(26:29,18)=140;
a(31:34,19)=168;a(30:33,18)=168;
a(35:38,19)=196;a(34:37,18)=196;
a(39:41,19)=113;a(38:41,18)=113;a(41,17)=113;
 
%13
a(1:3,17)=171;a(1:4,16)=171;a(1,15)=171;
a(4:6,17)=143;a(5:6,16)=143;a(8,17)=143;a(8:9,16)=143;
a(9:12,17)=115;a(10:13,16)=115;
a(13:16,17)=198;a(14:17,16)=198;
a(17:20,17)=170;a(18:21,16)=170;
a(21:24,17)=142;a(22:25,16)=142;
a(25:28,17)=114;a(26:29,16)=114;
a(29:32,17)=197;a(30:33,16)=197;
a(33:36,17)=169;a(34:37,16)=169;
a(37:40,17)=141;a(38:41,16)=141;
 
%14
a(2:5,15)=199;a(1:4,14)=199;
a(6,15)=116;a(5:6,14)=116;a(8:10,15)=116;a(8:9,14)=116;
a(11:14,15)=144;a(10:13,14)=144;
a(15:18,15)=172;a(14:17,14)=172;
a(19:22,15)=200;a(18:21,14)=200;
a(23:26,15)=117;a(22:25,14)=117;
a(27:30,15)=145;a(26:29,14)=145;
a(31:34,15)=173;a(30:33,14)=173;
a(35:38,15)=201;a(34:37,14)=201;
a(39:41,15)=118;a(38:41,14)=118;a(41,13)=118;
 
%15
a(1:3,13)=176;a(1:4,12)=176;a(1,11)=176;
a(4:6,13)=148;a(5:6,12)=148;a(8,13)=148;a(8:9,12)=148;
a(9:12,13)=120;a(10:13,12)=120;
a(13:16,13)=203;a(14:17,12)=203;
a(17:20,13)=175;a(18:21,12)=175;
a(21:24,13)=147;a(22:25,12)=147;
a(25:28,13)=119;a(26:29,12)=119;
a(29:32,13)=202;a(30:33,12)=202;
a(33:36,13)=174;a(34:37,12)=174;
a(37:40,13)=146;a(38:41,12)=146;
 
%16
a(2:5,11)=204;a(1:4,10)=204;
a(6,11)=121;a(5:6,10)=121;a(8:10,11)=121;a(8:9,10)=121;
a(11:14,11)=149;a(10:13,10)=149;
a(15:18,11)=177;a(14:17,10)=177;
a(19:22,11)=205;a(18:21,10)=205;
a(23:26,11)=122;a(22:25,10)=122;
a(27:30,11)=150;a(26:29,10)=150;
a(31:34,11)=178;a(30:33,10)=178;
a(35:38,11)=206;a(34:37,10)=206;
a(39:41,11)=123;a(38:41,10)=123;a(33,9)=123;
 
%17
a(10:12,9)=180;a(10:13,8)=180;a(10,6)=180;
 
a(13:16,9)=152;a(14:17,8)=152;
a(17:20,9)=124;a(18:21,8)=124;
a(21:24,9)=207;a(22:25,8)=207;
a(25:28,9)=179;a(26:29,8)=179;
a(29:32,9)=151;a(30:33,8)=151;
 
%18
a(11:14,6)=208;a(10:13,5)=208;
a(15:18,6)=125;a(14:17,5)=125;
a(19:22,6)=153;a(18:21,5)=153;
a(23:26,6)=181;a(22:25,5)=181;
a(27:30,6)=209;a(26:29,5)=209;
 
a(31:33,6)=126;a(29:33,5)=126;a(33,4)=126;
 
%19
a(10:12,4)=183;a(10:13,3)=183;a(10,2)=183;
 
a(13:16,4)=155;a(14:17,3)=155;
a(17:20,4)=127;a(18:21,3)=127;
a(21:24,4)=210;a(22:25,3)=210;
a(25:28,4)=152;a(26:29,3)=152;
a(29:32,4)=154;a(30:33,3)=154;
 
%20
a(11:14,2)=211;a(10:13,1)=211;
a(15:18,2)=128;a(14:17,1)=128;
a(19:22,2)=156;a(18:21,1)=156;
a(23:26,2)=184;a(22:25,1)=184;
a(27:30,2)=212;a(26:29,1)=212;