a = zeros(33,33);
 
%1
a(10:13,32:33)=11;
a(14:17,32:33)=2;
a(18:21,32:33)=28;
a(22:25,32:33)=19;
a(26:29,32:33)=10;
a(30:33,32:33)=1;

 
%2
a(10:13,30:31)=20; 
a(14:17,30:31)=29;
a(18:21,30:31)=3;
a(22:25,30:31)=12;
a(26:29,30:31)=21;
a(30:33,30:31)=30;

 
%3
a(10:12,28:29)=5; a(10,26:27)=5; 
a(13:16,28:29)=31;
a(17:20,28:29)=22;
a(21:24,28:29)=13;
a(30:33,28:29)=4;

 
%4
a(11:14,26:27)=14;
a(15:18,26:27)=23;
a(19:22,26:27)=32;
a(23:24,26:27)=6; a(30:31,26:27)=6;
a(32:33,24:27)=15;

 
%5
a(1:3,25)=8;     a(1:4,24)=8;     a(1,23)=8;
a(4:6,25)=34;    a(5:6,24)=34;    a(8,25)=34;    a(8:9,24)=34;
a(9:12,25)=25;   a(10:13,24)=25;
a(13:16,25)=16;  a(14:17,24)=16;
a(17:20,25)=7;   a(18:21,24)=7;
a(21:24,25)=33;  a(22:25,24)=33;
a(30:31,25)=24;  a(26:31,24)=24;

 
%6
a(2:5,23)=17;    a(1:4,22)=17;
a(6,23)=26;      a(5:6,22)=26;    a(8:10,23)=26; a(8:9,22)=26;
a(11:14,23)=35;  a(10:13,22)=35;
a(15:18,23)=9;   a(14:17,22)=9;
a(19:22,23)=18;  a(18:21,22)=18;
a(23:26,23)=27;  a(22:25,22)=27;
a(27:30,23)=36;  a(26:29,22)=36;

a(31:33,23)=101; a(30:33,22)=101; a(33,21)=101;
%7
a(1:3,21)=103;   a(1:4,20)=103;   a(1,19)=103;
a(4:6,21)=150;   a(5:6,20)=150;   a(8,21)=150;   a(8:9,20)=150;
a(9:12,21)=134;  a(10:13,20)=134;
a(13:16,21)=118; a(14:17,20)=118;
a(17:20,21)=102; a(18:21,20)=102;
a(21:24,21)=149; a(22:25,20)=149;
a(25:28,21)=133; a(26:29,20)=133;
a(29:32,21)=117; a(30:33,20)=117;

 
%8
a(2:5,19)=119;   a(1:4,18)=119;
a(6,19)=135;     a(5:6,18)=135;   a(8:10,19)=135; a(8:9,18)=135;
a(11:14,19)=151; a(10:13,18)=151;
a(15:18,19)=104; a(14:17,18)=104;
a(19:22,19)=120; a(18:21,18)=120;
a(23:26,19)=136; a(22:25,18)=136;
a(27:30,19)=152; a(26:29,18)=152;
a(31:33,19)=105; a(30:33,18)=105; a(33,17)=105;

 
%9
a(1:3,17)=107;   a(1:4,16)=107;   a(1,15)=107;
a(4:6,17)=154;   a(5:6,16)=154;   a(8,17)=154;   a(8:9,16)=154;
a(9:12,17)=138;  a(10:13,16)=138;
a(13:16,17)=122; a(14:17,16)=122;
a(17:20,17)=106; a(18:21,16)=106;
a(21:24,17)=153; a(22:25,16)=153;
a(25:28,17)=137; a(26:29,16)=137;
a(29:32,17)=121; a(30:33,16)=121;

 
%10
a(2:5,15)=123;   a(1:4,14)=123;
a(6,15)=139;     a(5:6,14)=139;   a(8:10,15)=139; a(8:9,14)=139;
a(11:14,15)=155; a(10:13,14)=155;
a(15:18,15)=108; a(14:17,14)=108;
a(19:22,15)=124; a(18:21,14)=124;
a(23:26,15)=140; a(22:25,14)=140;
a(27:30,15)=156; a(26:29,14)=156;
a(31:33,15)=109; a(30:33,14)=109; a(33,13)=109;

 
%11
a(1:3,13)=111;   a(1:4,12)=111;   a(1,11)=111;
a(4:6,13)=158;   a(5:6,12)=158;   a(8,13)=158;  a(8:9,12)=158;
a(9:12,13)=142;  a(10:13,12)=142;
a(13:16,13)=126; a(14:17,12)=126;
a(17:20,13)=110; a(18:21,12)=110;
a(21:24,13)=157; a(22:25,12)=157;
a(25:28,13)=141; a(26:29,12)=141;
a(29:32,13)=125; a(30:33,12)=125;

 
%12
a(2:5,11)=127;   a(1:4,10)=127;
a(6,11)=143;     a(5:6,10)=143;   a(8:10,11)=143; a(8:9,10)=143;
a(11:14,11)=159; a(10:13,10)=159;
a(15:18,11)=112; a(14:17,10)=112;
a(19:22,11)=128; a(18:21,10)=128;
a(23:26,11)=144; a(22:25,10)=144; a(25,9)=144;
a(27:30,11)=160; a(26:29,10)=160;
a(31:33,11)=113; a(30:33,10)=113;

 
%13
a(10:12,9)=114; a(10:13,8)=114; a(10,6)=114; 
a(13:16,9)=161; a(14:17,8)=161;
a(17:20,9)=145; a(18:21,8)=145;
a(21:24,9)=129; a(22:25,8)=129;


%14
a(11:14,6)=130; a(10:13,5)=130;
a(15:18,6)=146; a(14:17,5)=146;
a(19:22,6)=162; a(18:21,5)=162;
a(23:25,6)=115; a(22:25,5)=115; a(25,4)=115;


 
%15
a(10:12,4)=116; a(10:13,3)=116; a(10,2)=116;
a(13:16,4)=163; a(14:17,3)=163;
a(17:20,4)=147; a(18:21,3)=147;
a(21:24,4)=131; a(22:25,3)=131;


%16
a(11:14,2)=132; a(10:13,1)=132;
a(15:18,2)=148; a(14:17,1)=148;
a(19:22,2)=164; a(18:21,1)=164;

 
